2 4 2 -1 -2 1 1 -3 -1 3 -1 1 1 ROOT 
2 3 1 1 -3 -1 3 -1 1 1 ROOT 
2 2 -1 2 2 -1 -2 1 1 ROOT 
2 4 1 -2 1 1 -3 -1 2 1 -2 1 1 ROOT 
2 3 1 -2 -1 2 2 -1 -2 1 1 ROOT 
2 4 1 -2 1 1 -3 -1 3 1 -2 1 1 ROOT 
2 3 1 1 -3 -1 2 1 1 ROOT 
2 4 1 -2 1 1 -3 -1 3 -1 1 1 ROOT 
2 3 1 1 -3 -1 3 1 -2 1 1 ROOT 
2 4 1 -2 1 1 -3 -1 2 1 -2 1 1 ROOT 
2 4 2 -1 -2 1 1 -3 -1 2 -1 1 1 ROOT 
2 3 1 1 -3 -1 3 -1 1 1 ROOT 
2 4 -1 1 1 -3 -1 2 -1 1 1 ROOT 
2 3 1 -2 -1 2 2 -1 -2 1 1 ROOT 
2 3 1 -2 -1 2 2 -1 -2 1 1 ROOT 
2 4 2 -1 -2 1 1 -3 -1 1 1 ROOT 
2 4 2 -1 -2 1 1 -3 -1 2 -1 1 1 ROOT 
2 3 1 -2 -1 2 2 -1 -2 1 1 ROOT 
2 4 2 -1 -2 1 1 -3 -1 3 1 -2 1 1 ROOT 
2 4 2 -1 -2 1 1 -3 -1 3 -1 1 1 ROOT 
2 4 2 -1 -2 1 1 -3 -1 2 1 -2 1 1 ROOT 
2 4 2 -1 -2 1 1 -3 -1 3 -1 1 1 ROOT 
2 3 1 1 -3 -1 3 1 -2 1 1 ROOT 
2 3 1 -2 -1 2 1 -2 1 1 ROOT 
2 4 2 -1 -2 1 1 -3 -1 2 1 -2 1 1 ROOT 
2 4 2 -1 -2 1 1 -3 -1 2 1 -2 1 1 ROOT 
2 4 -1 1 1 -3 -1 3 1 -2 1 1 ROOT 
2 4 -1 1 1 -3 -1 2 1 -2 1 1 ROOT 
2 4 2 -1 -2 1 1 -3 -1 1 1 ROOT 
2 4 -1 1 1 -3 -1 3 1 -2 1 1 ROOT 
2 4 2 -1 -2 1 1 -3 -1 3 1 -2 1 1 ROOT 
2 4 2 -1 -2 1 1 -3 -1 3 -1 1 1 ROOT 
2 4 2 -1 -2 1 1 -3 -1 1 1 ROOT 
2 4 2 -1 -2 1 1 -3 -1 3 1 -2 1 1 ROOT 
2 4 2 -1 -2 1 1 -3 -1 2 1 -2 1 1 ROOT 
2 4 1 -2 1 1 -3 -1 2 1 -2 1 1 ROOT 
2 4 -1 1 1 -3 -1 3 -1 1 1 ROOT 
2 4 2 -1 -2 1 1 -3 -1 1 1 ROOT 
2 4 2 -1 -2 1 1 -3 -1 2 1 1 ROOT 
2 4 2 -1 -2 1 1 -3 -1 3 -1 1 1 ROOT 
2 4 1 -2 1 1 -3 -1 3 -1 1 1 ROOT 
2 4 2 -1 -2 1 1 -3 -1 2 2 -1 -2 1 1 ROOT 
2 4 2 -1 -2 1 1 -3 -1 1 1 ROOT 
2 4 -1 1 1 -3 -1 2 2 -1 -2 1 1 ROOT 
2 3 1 1 -3 -1 3 1 -2 1 1 ROOT 
2 3 1 1 -3 -1 3 -1 1 1 ROOT 
2 4 2 -1 -2 1 1 -3 -1 ROOT 
2 3 1 1 -3 -1 3 1 -2 1 1 ROOT 
2 4 1 -2 1 1 -3 -1 2 2 -1 -2 1 1 ROOT 
2 4 2 -1 -2 1 1 -3 -1 ROOT 
2 4 2 -1 -2 1 1 -3 -1 2 1 1 ROOT 
2 4 -1 1 1 -3 -1 3 1 -2 1 1 ROOT 
2 4 1 -2 1 1 -3 -1 2 -1 1 1 ROOT 
2 4 -1 1 1 -3 -1 3 1 -2 1 1 ROOT 
2 4 1 -2 1 1 -3 -1 3 1 -2 1 1 ROOT 
2 4 2 -1 -2 1 1 -3 -1 3 1 -2 1 1 ROOT 
2 4 2 -1 -2 1 1 -3 -1 2 1 -2 1 1 ROOT 
2 4 2 -1 -2 1 1 -3 -1 2 1 -2 1 1 ROOT 
2 4 2 -1 -2 1 1 -3 -1 ROOT 
2 2 -1 2 2 -1 -2 1 1 ROOT 
2 4 2 -1 -2 1 1 -3 -1 3 1 -2 1 1 ROOT 
2 4 2 -1 -2 1 1 -3 -1 3 1 -2 1 1 ROOT 
2 4 2 -1 -2 1 1 -3 -1 2 1 1 ROOT 
2 4 2 -1 -2 1 1 -3 -1 2 1 1 ROOT 
2 4 1 -2 1 1 -3 -1 2 1 -2 1 1 ROOT 
2 4 -1 1 1 -3 -1 2 -1 1 1 ROOT 
2 4 -1 1 1 -3 -1 2 1 -2 1 1 ROOT 
2 4 2 -1 -2 1 1 -3 -1 3 1 -2 1 1 ROOT 
2 4 -1 1 1 -3 -1 2 2 -1 -2 1 1 ROOT 
2 4 -1 1 1 -3 -1 2 1 -2 1 1 ROOT 
2 3 1 1 -3 -1 3 1 -2 1 1 ROOT 
6 1 1 1 2 2 -1 1 -3 1 1 -7 -1 -1 -1 ROOT 
2 3 1 -2 -1 3 -1 1 1 ROOT 
2 4 2 -1 -2 1 1 -3 -1 2 1 1 ROOT 
2 4 -1 1 1 -3 -1 3 1 -2 1 1 ROOT 
2 4 2 -1 -2 1 1 -3 -1 3 -1 1 1 ROOT 
2 4 2 -1 -2 1 1 -3 -1 2 2 -1 -2 1 1 ROOT 
2 4 2 -1 -2 1 1 -3 -1 2 1 1 ROOT 
2 4 2 -1 -2 1 1 -3 -1 ROOT 
2 3 1 -2 -1 2 2 -1 -2 1 1 ROOT 
2 4 2 -1 -2 1 1 -3 -1 2 -1 1 1 ROOT 
2 4 -1 1 1 -3 -1 2 1 -2 1 1 ROOT 
2 3 1 -2 -1 2 2 -1 -2 1 1 ROOT 
2 4 -1 1 1 -3 -1 2 2 -1 -2 1 1 ROOT 
2 4 1 -2 1 1 -3 -1 3 1 -2 1 1 ROOT 
2 4 1 -2 1 1 -3 -1 3 1 -2 1 1 ROOT 
2 4 -1 1 1 -3 -1 2 1 -2 1 1 ROOT 
2 4 -1 1 1 -3 -1 2 2 -1 -2 1 1 ROOT 
2 4 2 -1 -2 1 1 -3 -1 3 1 -2 1 1 ROOT 
2 4 -1 1 1 -3 -1 2 1 1 ROOT 
2 4 2 -1 -2 1 1 -3 -1 2 1 1 ROOT 
2 4 -1 1 1 -3 -1 2 1 -2 1 1 ROOT 
2 4 -1 1 1 -3 -1 2 1 1 ROOT 
2 4 2 -1 -2 1 1 -3 -1 2 -1 1 1 ROOT 
2 4 1 -2 1 1 -3 -1 2 1 1 ROOT 
2 4 2 -1 -2 1 1 -3 -1 2 2 -1 -2 1 1 ROOT 
2 4 -1 1 1 -3 -1 2 -1 1 1 ROOT 
2 4 2 -1 -2 1 1 -3 -1 1 1 ROOT 
2 4 2 -1 -2 1 1 -3 -1 3 1 -2 1 1 ROOT 
2 4 2 -1 -2 1 1 -3 -1 2 2 -1 -2 1 1 ROOT 
2 3 1 -2 -1 2 2 -1 -2 1 1 ROOT 
2 4 1 -2 1 1 -3 -1 2 1 1 ROOT 
2 2 -1 2 2 -1 -2 1 1 ROOT 
2 4 1 -2 1 1 -3 -1 3 1 -2 1 1 ROOT 
2 2 -1 2 2 -1 -2 1 1 ROOT 
2 4 -1 1 1 -3 -1 3 1 -2 1 1 ROOT 
6 1 1 1 2 -1 1 -3 1 1 -6 -1 -1 -1 ROOT 
2 3 1 1 -3 -1 3 1 -2 1 1 ROOT 
2 4 2 -1 -2 1 1 -3 -1 1 1 ROOT 
2 4 2 -1 -2 1 1 -3 -1 2 1 1 ROOT 
2 4 2 -1 -2 1 1 -3 -1 1 1 ROOT 
2 3 1 -2 -1 2 2 -1 -2 1 1 ROOT 
2 4 1 -2 1 1 -3 -1 2 1 -2 1 1 ROOT 
6 1 1 1 2 1 -1 1 1 -4 1 1 -7 -1 -1 -1 ROOT 
2 4 2 -1 -2 1 1 -3 -1 3 1 -2 1 1 ROOT 
2 3 1 -2 -1 2 2 -1 -2 1 1 ROOT 
2 2 -1 2 2 -1 -2 1 1 ROOT 
2 4 2 -1 -2 1 1 -3 -1 2 1 -2 1 1 ROOT 
2 4 1 -2 1 1 -3 -1 3 -1 1 1 ROOT 
2 4 -1 1 1 -3 -1 3 -1 1 1 ROOT 
2 3 1 -2 -1 2 2 -1 -2 1 1 ROOT 
2 2 -1 2 1 -2 1 1 ROOT 
2 4 2 -1 -2 1 1 -3 -1 3 -1 1 1 ROOT 
2 2 -1 2 2 -1 -2 1 1 ROOT 
2 4 2 -1 -2 1 1 -3 -1 2 1 1 ROOT 
2 4 2 -1 -2 1 1 -3 -1 2 2 -1 -2 1 1 ROOT 
2 4 1 -2 1 1 -3 -1 2 1 1 ROOT 
2 3 1 -2 -1 2 2 -1 -2 1 1 ROOT 
2 4 1 -2 1 1 -3 -1 3 1 -2 1 1 ROOT 
2 4 2 -1 -2 1 1 -3 -1 3 1 -2 1 1 ROOT 
2 3 1 -2 -1 2 2 -1 -2 1 1 ROOT 
6 1 1 2 2 -1 1 -3 1 1 -6 -1 -1 -1 ROOT 
2 4 2 -1 -2 1 1 -3 -1 3 -1 1 1 ROOT 
2 4 2 -1 -2 1 1 -3 -1 3 1 -2 1 1 ROOT 
2 4 2 -1 -2 1 1 -3 -1 2 1 1 ROOT 
2 4 1 -2 1 1 -3 -1 2 1 1 ROOT 
2 4 2 -1 -2 1 1 -3 -1 3 1 -2 1 1 ROOT 
2 4 -1 1 1 -3 -1 2 2 -1 -2 1 1 ROOT 
2 4 2 -1 -2 1 1 -3 -1 3 1 -2 1 1 ROOT 
2 4 2 -1 -2 1 1 -3 -1 2 1 1 ROOT 
2 4 2 -1 -2 1 1 -3 -1 3 1 -2 1 1 ROOT 
2 4 2 -1 -2 1 1 -3 -1 2 1 1 ROOT 
2 4 1 -2 1 1 -3 -1 2 1 1 ROOT 
2 4 1 -2 1 1 -3 -1 3 1 -2 1 1 ROOT 
2 4 -1 1 1 -3 -1 3 -1 1 1 ROOT 
2 4 2 -1 -2 1 1 -3 -1 3 1 -2 1 1 ROOT 
2 4 2 -1 -2 1 1 -3 -1 3 -1 1 1 ROOT 
2 4 1 -2 1 1 -3 -1 3 -1 1 1 ROOT 
2 4 1 -2 1 1 -3 -1 3 1 -2 1 1 ROOT 
2 4 2 -1 -2 1 1 -3 -1 ROOT 
2 3 1 1 -3 -1 3 -1 1 1 ROOT 
2 4 -1 1 1 -3 -1 2 1 1 ROOT 
2 3 1 1 -3 -1 3 1 -2 1 1 ROOT 
2 4 2 -1 -2 1 1 -3 -1 ROOT 
2 4 1 -2 1 1 -3 -1 3 -1 1 1 ROOT 
6 1 1 2 2 -1 1 1 -4 1 1 -6 -1 -1 -1 ROOT 
2 4 2 -1 -2 1 1 -3 -1 2 1 -2 1 1 ROOT 
2 4 2 -1 -2 1 1 -3 -1 1 1 ROOT 
2 4 2 -1 -2 1 1 -3 -1 2 2 -1 -2 1 1 ROOT 
2 4 1 -2 1 1 -3 -1 2 1 -2 1 1 ROOT 
2 4 1 -2 1 1 -3 -1 3 1 -2 1 1 ROOT 
6 1 1 2 2 -1 1 -3 1 1 1 1 1 1 -1 -1 -1 -1 ROOT 
2 3 1 1 -3 -1 3 1 -2 1 1 ROOT 
2 4 2 -1 -2 1 1 -3 -1 3 -1 1 1 ROOT 
2 3 1 -2 -1 2 2 -1 -2 1 1 ROOT 
2 4 2 -1 -2 1 1 -3 -1 3 -1 1 1 ROOT 
2 4 2 -1 -2 1 1 -3 -1 ROOT 
6 1 1 1 2 2 -1 1 1 -7 -1 -1 -1 ROOT 
2 4 1 -2 1 1 -3 -1 2 2 -1 -2 1 1 ROOT 
2 4 1 -2 1 1 -3 -1 2 2 -1 -2 1 1 ROOT 
2 4 -1 1 1 -3 -1 3 -1 1 1 ROOT 
2 4 -1 1 1 -3 -1 2 1 1 ROOT 
2 3 1 -2 -1 3 1 -2 1 1 ROOT 
2 4 2 -1 -2 1 1 -3 -1 2 -1 1 1 ROOT 
2 4 2 -1 -2 1 1 -3 -1 2 1 -2 1 1 ROOT 
2 4 2 -1 -2 1 1 -3 -1 2 1 -2 1 1 ROOT 
2 4 -1 1 1 -3 -1 2 2 -1 -2 1 1 ROOT 
2 4 2 -1 -2 1 1 -3 -1 3 1 -2 1 1 ROOT 
2 4 -1 1 1 -3 -1 3 1 -2 1 1 ROOT 
2 4 1 -2 1 1 -3 -1 2 1 -2 1 1 ROOT 
2 4 2 -1 -2 1 1 -3 -1 1 1 ROOT 
2 4 2 -1 -2 1 1 -3 -1 ROOT 
2 4 2 -1 -2 1 1 -3 -1 3 1 -2 1 1 ROOT 
6 1 1 1 2 2 -1 1 -3 1 -6 -1 -1 -1 ROOT 
2 4 1 -2 1 1 -3 -1 3 -1 1 1 ROOT 
2 4 1 -2 1 1 -3 -1 1 1 ROOT 
2 4 2 -1 -2 1 1 -3 -1 2 1 1 ROOT 
2 4 -1 1 1 -3 -1 2 -1 1 1 ROOT 
2 3 1 1 -3 -1 2 1 1 ROOT 
2 4 2 -1 -2 1 1 -3 -1 3 1 -2 1 1 ROOT 
2 4 2 -1 -2 1 1 -3 -1 3 1 -2 1 1 ROOT 
2 3 1 -2 -1 2 1 1 ROOT 
2 4 1 -2 1 1 -3 -1 2 1 -2 1 1 ROOT 
2 4 2 -1 -2 1 1 -3 -1 3 -1 1 1 ROOT 
2 4 1 -2 1 1 -3 -1 ROOT 
2 2 -1 2 2 -1 -2 1 1 ROOT 
2 3 1 1 -3 -1 3 -1 1 1 ROOT 
2 4 2 -1 -2 1 1 -3 -1 2 1 1 ROOT 
2 4 2 -1 -2 1 1 -3 -1 1 1 ROOT 
2 2 -1 2 2 -1 -2 1 1 ROOT 
2 4 1 -2 1 1 -3 -1 3 1 -2 1 1 ROOT 
2 3 1 1 -3 -1 3 -1 1 1 ROOT 
2 4 -1 1 1 -3 -1 3 1 -2 1 1 ROOT 
2 2 -1 2 2 -1 -2 1 1 ROOT 
2 4 1 -2 1 1 -3 -1 2 2 -1 -2 1 1 ROOT 
2 4 2 -1 -2 1 1 -3 -1 2 2 -1 -2 1 1 ROOT 
2 4 1 -2 1 1 -3 -1 3 1 -2 1 1 ROOT 
2 4 2 -1 -2 1 1 -3 -1 2 -1 1 1 ROOT 
2 4 2 -1 -2 1 1 -3 -1 ROOT 
2 4 -1 1 1 -3 -1 2 1 -2 1 1 ROOT 
2 4 1 -2 1 1 -3 -1 2 1 -2 1 1 ROOT 
2 3 1 -2 -1 2 2 -1 -2 1 1 ROOT 
2 4 -1 1 1 -3 -1 2 1 -2 1 1 ROOT 
2 4 2 -1 -2 1 1 -3 -1 3 1 -2 1 1 ROOT 
2 4 2 -1 -2 1 1 -3 -1 3 1 -2 1 1 ROOT 
2 4 2 -1 -2 1 1 -3 -1 2 1 1 ROOT 
2 4 1 -2 1 1 -3 -1 2 1 1 ROOT 
2 4 -1 1 1 -3 -1 2 2 -1 -2 1 1 ROOT 
2 2 -1 2 2 -1 -2 1 1 ROOT 
2 4 2 -1 -2 1 1 -3 -1 2 1 1 ROOT 
2 3 1 1 -3 -1 3 -1 1 1 ROOT 
2 3 1 1 -3 -1 3 1 -2 1 1 ROOT 
2 3 1 1 -3 -1 3 1 -2 1 1 ROOT 
2 3 1 -2 -1 1 1 ROOT 
2 4 2 -1 -2 1 1 -3 -1 3 1 -2 1 1 ROOT 
2 4 1 -2 1 1 -3 -1 3 1 -2 1 1 ROOT 
6 1 1 1 2 2 -1 1 -3 1 -6 -1 -1 -1 ROOT 
2 4 2 -1 -2 1 1 -3 -1 2 -1 1 1 ROOT 
2 4 2 -1 -2 1 1 -3 -1 ROOT 
2 4 -1 1 1 -3 -1 2 2 -1 -2 1 1 ROOT 
2 4 2 -1 -2 1 1 -3 -1 2 1 1 ROOT 
2 4 2 -1 -2 1 1 -3 -1 2 1 1 ROOT 
2 3 1 -2 -1 3 1 -2 1 1 ROOT 
2 4 -1 1 1 -3 -1 3 1 -2 1 1 ROOT 
2 4 1 -2 1 1 -3 -1 2 -1 1 1 ROOT 
2 4 1 -2 1 1 -3 -1 2 2 -1 -2 1 1 ROOT 
2 3 1 -2 -1 3 1 -2 1 1 ROOT 
2 4 2 -1 -2 1 1 -3 -1 2 1 1 ROOT 
6 1 1 2 2 -1 1 -3 1 1 1 -7 -1 -1 -1 ROOT 
6 1 1 1 2 2 -1 1 -3 1 1 -7 -1 -1 -1 ROOT 
2 4 2 -1 -2 1 1 -3 -1 2 1 1 ROOT 
2 4 1 -2 1 1 -3 -1 2 2 -1 -2 1 1 ROOT 
2 4 1 -2 1 1 -3 -1 3 1 -2 1 1 ROOT 
2 4 2 -1 -2 1 1 -3 -1 2 1 -2 1 1 ROOT 
2 2 -1 2 2 -1 -2 1 1 ROOT 
2 4 1 -2 1 1 -3 -1 3 -1 1 1 ROOT 
2 4 -1 1 1 -3 -1 3 -1 1 1 ROOT 
2 4 2 -1 -2 1 1 -3 -1 ROOT 
2 4 -1 1 1 -3 -1 2 1 ROOT 
2 4 2 -1 -2 1 1 -3 -1 ROOT 
2 4 1 -2 1 1 -3 -1 3 1 -2 1 1 ROOT 
2 4 2 -1 -2 1 1 -3 -1 1 1 ROOT 
2 2 -1 2 2 -1 -2 1 1 ROOT 
2 4 1 -2 1 1 -3 -1 2 1 1 ROOT 
2 4 2 -1 -2 1 1 -3 -1 ROOT 
2 4 1 -2 1 1 -3 -1 2 2 -1 -2 1 1 ROOT 
2 2 -1 2 2 -1 -2 1 1 ROOT 
2 4 2 -1 -2 1 1 -3 -1 1 1 ROOT 
2 4 2 -1 -2 1 1 -3 -1 1 1 ROOT 
2 3 1 1 -3 -1 3 -1 1 1 ROOT 
2 3 1 1 -3 -1 3 1 -2 1 1 ROOT 
6 1 1 1 2 2 -1 1 -3 1 -6 -1 -1 -1 ROOT 
2 3 1 1 -3 -1 3 1 -2 1 1 ROOT 
2 4 2 -1 -2 1 1 -3 -1 1 1 ROOT 
2 4 1 -2 1 1 -3 -1 2 1 1 ROOT 
2 4 2 -1 -2 1 1 -3 -1 1 1 ROOT 
2 4 2 -1 -2 1 1 -3 -1 2 1 1 ROOT 
2 4 1 -2 1 1 -3 -1 2 1 -2 1 1 ROOT 
2 4 1 -2 1 1 -3 -1 2 1 -2 1 1 ROOT 
2 2 -1 2 2 -1 -2 1 1 ROOT 
2 2 -1 2 2 -1 -2 1 1 ROOT 
2 4 -1 1 1 -3 -1 3 1 -2 1 1 ROOT 
2 4 -1 1 1 -3 -1 2 1 -2 1 1 ROOT 
2 3 1 -2 -1 2 2 -1 -2 1 1 ROOT 
2 4 2 -1 -2 1 1 -3 -1 1 1 ROOT 
2 4 2 -1 -2 1 1 -3 -1 2 2 -1 -2 1 1 ROOT 
6 1 1 2 2 -1 1 -3 1 1 -6 -1 -1 -1 ROOT 
6 1 1 1 2 2 -1 1 -3 1 1 -7 -1 -1 -1 ROOT 
6 1 1 2 2 -1 1 -3 1 1 -6 -1 -1 -1 ROOT 
2 4 2 -1 -2 1 1 -3 -1 1 1 ROOT 
2 4 2 -1 -2 1 1 -3 -1 3 1 -2 1 1 ROOT 
2 4 -1 1 1 -3 -1 2 1 -2 1 1 ROOT 
2 4 -1 1 1 -3 -1 2 1 -2 1 1 ROOT 
2 3 1 -2 -1 3 -1 1 1 ROOT 
2 3 1 1 -3 -1 3 -1 1 1 ROOT 
2 4 2 -1 -2 1 1 -3 -1 3 1 -2 1 1 ROOT 
2 4 2 -1 -2 1 1 -3 -1 3 1 -2 1 1 ROOT 
2 4 2 -1 -2 1 1 -3 -1 1 1 ROOT 
2 3 1 -2 -1 2 2 -1 -2 1 1 ROOT 
2 4 2 -1 -2 1 1 -3 -1 1 1 ROOT 
2 4 1 -2 1 1 -3 -1 2 2 -1 -2 1 1 ROOT 
2 3 1 -2 -1 2 2 -1 -2 1 1 ROOT 
2 4 2 -1 -2 1 1 -3 -1 2 1 -2 1 1 ROOT 
2 4 1 -2 1 1 -3 -1 2 2 -1 -2 1 1 ROOT 
2 4 2 -1 -2 1 1 -3 -1 3 1 -2 1 1 ROOT 
2 3 1 1 -3 -1 3 -1 1 1 ROOT 
2 4 1 -2 1 1 -3 -1 3 1 -2 1 1 ROOT 
2 4 1 -2 1 1 -3 -1 2 1 1 ROOT 
2 4 2 -1 -2 1 1 -3 -1 3 1 -2 1 1 ROOT 
2 3 1 1 -3 -1 3 -1 1 1 ROOT 
2 3 1 -2 -1 2 2 -1 -2 1 1 ROOT 
2 4 2 -1 -2 1 1 -3 -1 2 1 -2 1 1 ROOT 
6 1 1 2 2 -1 1 -3 1 1 -6 -1 -1 -1 ROOT 
2 4 1 -2 1 1 -3 -1 2 1 1 ROOT 
2 4 1 -2 1 1 -3 -1 1 1 ROOT 
2 3 1 1 -3 -1 3 -1 1 1 ROOT 
2 3 1 1 -3 -1 2 1 1 ROOT 
2 3 1 -2 -1 3 1 -2 1 1 ROOT 
2 4 -1 1 1 -3 -1 3 1 -2 1 1 ROOT 
2 4 1 -2 1 1 -3 -1 3 1 -2 1 1 ROOT 
2 4 2 -1 -2 1 1 -3 -1 2 1 1 ROOT 
2 3 1 -2 -1 2 2 -1 -2 1 1 ROOT 
6 1 1 2 2 -1 1 -3 1 1 1 -7 -1 -1 -1 ROOT 
2 4 2 -1 -2 1 1 -3 -1 2 2 -1 -2 1 1 ROOT 
2 3 1 -2 -1 2 2 -1 -2 1 1 ROOT 
2 3 1 -2 -1 2 2 -1 -2 1 1 ROOT 
2 3 1 1 -3 -1 3 1 -2 1 1 ROOT 
2 4 1 -2 1 1 -3 -1 2 -1 1 1 ROOT 
2 3 1 -2 -1 2 2 -1 -2 1 1 ROOT 
2 4 -1 1 1 -3 -1 2 1 -2 1 1 ROOT 
2 4 1 -2 1 1 -3 -1 2 2 -1 -2 1 1 ROOT 
2 4 2 -1 -2 1 1 -3 -1 2 -1 1 1 ROOT 
2 4 2 -1 -2 1 1 -3 -1 2 1 1 ROOT 
2 4 2 -1 -2 1 1 -3 -1 3 -1 1 1 ROOT 
2 4 1 -2 1 1 -3 -1 3 1 -2 1 1 ROOT 
2 3 1 -2 -1 2 1 1 ROOT 
2 3 1 -2 -1 3 1 -2 1 1 ROOT 
2 4 2 -1 -2 1 1 -3 -1 3 -1 1 1 ROOT 
2 4 2 -1 -2 1 1 -3 -1 2 -1 1 1 ROOT 
2 3 1 1 -3 -1 2 1 1 ROOT 
2 4 1 -2 1 1 -3 -1 2 -1 1 1 ROOT 
2 4 2 -1 -2 1 1 -3 -1 2 1 1 ROOT 
2 4 2 -1 -2 1 1 -3 -1 2 -1 1 1 ROOT 
2 4 1 -2 1 1 -3 -1 2 1 1 ROOT 
2 4 1 -2 1 1 -3 -1 2 1 -2 1 1 ROOT 
2 4 2 -1 -2 1 1 -3 -1 3 1 -2 1 1 ROOT 
2 3 1 1 -3 -1 3 1 -2 1 1 ROOT 
2 4 1 -2 1 1 -3 -1 3 1 -2 1 1 ROOT 
2 4 2 -1 -2 1 1 -3 -1 2 1 1 ROOT 
2 4 2 -1 -2 1 1 -3 -1 2 1 1 ROOT 
2 3 1 1 -3 -1 3 1 -2 1 1 ROOT 
2 4 2 -1 -2 1 1 -3 -1 ROOT 
2 3 1 1 -3 -1 3 -1 1 1 ROOT 
2 3 1 1 -3 -1 3 1 -2 1 1 ROOT 
2 3 1 -2 -1 2 2 -1 -2 1 1 ROOT 
2 4 2 -1 -2 1 1 -3 -1 2 1 1 ROOT 
6 1 1 2 2 -1 1 -3 1 1 -6 -1 -1 -1 ROOT 
2 4 2 -1 -2 1 1 -3 -1 2 1 1 ROOT 
2 4 2 -1 -2 1 1 -3 -1 1 1 ROOT 
2 4 -1 1 1 -3 -1 2 2 -1 -2 1 1 ROOT 
2 4 2 -1 -2 1 1 -3 -1 1 1 ROOT 
2 4 2 -1 -2 1 1 -3 -1 2 1 1 ROOT 
2 4 2 -1 -2 1 1 -3 -1 3 1 -2 1 1 ROOT 
2 4 2 -1 -2 1 1 -3 -1 2 1 1 ROOT 
2 4 1 -2 1 1 -3 -1 2 1 1 ROOT 
2 4 -1 1 1 -3 -1 2 1 -2 1 1 ROOT 
2 3 1 1 -3 -1 3 1 -2 1 1 ROOT 
2 4 2 -1 -2 1 1 -3 -1 2 -1 1 1 ROOT 
2 3 1 1 -3 -1 3 -1 1 1 ROOT 
2 3 1 1 -3 -1 3 1 -2 1 1 ROOT 
2 4 1 -2 1 1 -3 -1 2 1 -2 1 1 ROOT 
2 4 2 -1 -2 1 1 -3 -1 ROOT 
2 4 1 -2 1 1 -3 -1 3 -1 1 1 ROOT 
2 4 2 -1 -2 1 1 -3 -1 2 1 -2 1 1 ROOT 
2 4 2 -1 -2 1 1 -3 -1 3 1 -2 1 1 ROOT 
2 4 2 -1 -2 1 1 -3 -1 1 1 ROOT 
2 4 2 -1 -2 1 1 -3 -1 3 1 -2 1 1 ROOT 
2 4 -1 1 1 -3 -1 3 1 -2 1 1 ROOT 
2 2 -1 2 2 -1 -2 1 1 ROOT 
2 4 2 -1 -2 1 1 -3 -1 1 1 ROOT 
2 4 2 -1 -2 1 1 -3 -1 2 1 1 ROOT 
2 4 -1 1 1 -3 -1 2 2 -1 -2 1 1 ROOT 
2 4 2 -1 -2 1 1 -3 -1 3 1 -2 1 1 ROOT 
2 4 2 -1 -2 1 1 -3 -1 1 1 ROOT 
2 2 -1 2 2 -1 -2 1 1 ROOT 
2 4 2 -1 -2 1 1 -3 -1 2 -1 1 1 ROOT 
2 3 1 -2 -1 2 2 -1 -2 1 1 ROOT 
2 4 2 -1 -2 1 1 -3 -1 ROOT 
2 4 -1 1 1 -3 -1 2 2 -1 -2 1 1 ROOT 
2 4 2 -1 -2 1 1 -3 -1 ROOT 
2 4 2 -1 -2 1 1 -3 -1 3 1 -2 1 1 ROOT 
2 4 -1 1 1 -3 -1 3 -1 1 1 ROOT 
2 4 1 -2 -1 2 1 1 ROOT 
2 3 1 1 -3 -1 3 1 -2 1 1 ROOT 
2 4 2 -1 -2 1 1 -3 -1 2 1 -2 1 1 ROOT 
2 4 2 -1 -2 1 1 -3 -1 2 2 -1 -2 1 1 ROOT 
2 3 1 -2 -1 2 1 -2 1 1 ROOT 
2 4 2 -1 -2 1 1 -3 -1 2 1 1 ROOT 
2 4 2 -1 -2 1 1 -3 -1 3 1 -2 1 1 ROOT 
2 4 2 -1 -2 1 1 -3 -1 3 1 -2 1 1 ROOT 
2 4 1 -2 1 1 -3 -1 2 1 -2 1 1 ROOT 
2 4 2 -1 -2 1 1 -3 -1 ROOT 
2 3 1 1 -3 -1 3 1 -2 1 1 ROOT 
2 4 -1 1 1 -3 -1 2 2 -1 -2 1 1 ROOT 
2 4 1 -2 1 1 -3 -1 3 1 -2 1 1 ROOT 
2 4 2 -1 -2 1 1 -3 -1 3 -1 1 1 ROOT 
2 4 2 -1 -2 1 1 -3 -1 2 2 -1 -2 1 1 ROOT 
2 4 2 -1 -2 1 1 -3 -1 2 -1 1 1 ROOT 
2 4 2 -1 -2 1 1 -3 -1 2 -1 1 1 ROOT 
2 4 2 -1 -2 1 1 -3 -1 1 1 ROOT 
2 4 2 -1 -2 1 1 -3 -1 3 -1 1 1 ROOT 
2 4 2 -1 -2 1 1 -3 -1 2 1 1 ROOT 
2 4 1 -2 1 1 -3 -1 3 -1 1 1 ROOT 
2 4 -1 1 1 -3 -1 3 1 -2 1 1 ROOT 
2 4 1 -2 1 1 -3 -1 3 -1 1 1 ROOT 
2 3 1 -2 -1 3 1 -2 1 1 ROOT 
2 2 -1 2 2 -1 -2 1 1 ROOT 
2 4 2 -1 -2 1 1 -3 -1 2 -1 1 1 ROOT 
2 4 2 -1 -2 1 1 -3 -1 2 -1 1 1 ROOT 
2 4 2 -1 -2 1 1 -3 -1 2 1 1 ROOT 
2 4 2 -1 -2 1 1 -3 -1 2 1 -2 1 1 ROOT 
2 4 1 -2 1 1 -3 -1 2 1 1 ROOT 
2 4 1 -2 1 1 -3 -1 2 1 -2 1 1 ROOT 
2 3 1 1 -3 -1 3 -1 1 1 ROOT 
2 4 -1 1 1 -3 -1 3 1 -2 1 1 ROOT 
2 4 2 -1 -2 1 1 -3 -1 1 1 ROOT 
2 4 1 -2 1 1 -3 -1 2 -1 1 1 ROOT 
2 3 1 -2 -1 2 2 -1 -2 1 1 ROOT 
2 4 -1 1 1 -3 -1 2 1 -2 1 1 ROOT 
2 4 2 -1 -2 1 1 -3 -1 3 -1 1 1 ROOT 
2 3 1 1 -3 -1 3 -1 1 1 ROOT 
2 4 2 -1 -2 1 1 -3 -1 1 1 ROOT 
2 4 1 -2 1 1 -3 -1 3 -1 1 1 ROOT 
2 3 1 1 -3 -1 3 -1 1 1 ROOT 
2 3 1 -2 -1 3 1 -2 1 1 ROOT 
2 4 2 -1 -2 1 1 -3 -1 ROOT 
2 3 1 1 -3 -1 3 -1 1 1 ROOT 
2 3 1 1 -3 -1 3 1 -2 1 1 ROOT 
2 4 -1 1 1 -3 -1 3 -1 1 1 ROOT 
2 3 1 -2 -1 2 2 -1 -2 1 1 ROOT 
2 4 2 -1 -2 1 1 -3 -1 1 1 ROOT 
2 4 2 -1 -2 1 1 -3 -1 3 -1 1 1 ROOT 
2 4 -1 1 1 -3 -1 2 -1 1 1 ROOT 
6 1 1 2 2 -1 1 -3 1 1 -6 -1 -1 -1 ROOT 
2 4 1 -2 1 1 -3 -1 2 -1 1 1 ROOT 
2 3 1 -2 -1 2 2 -1 -2 1 1 ROOT 
2 4 2 -1 -2 1 1 -3 -1 2 1 1 ROOT 
2 3 1 1 -3 -1 3 -1 1 1 ROOT 
2 4 1 -2 1 1 -3 -1 2 2 -1 -2 1 1 ROOT 
2 4 2 -1 -2 1 1 -3 -1 3 1 -2 1 1 ROOT 
2 4 1 -2 1 1 -3 -1 2 1 -2 1 1 ROOT 
2 4 2 -1 -2 1 1 -3 -1 2 1 -2 1 1 ROOT 
2 4 2 -1 -2 1 1 -3 -1 2 1 1 ROOT 
2 4 1 -2 1 1 -3 -1 2 2 -1 -2 1 1 ROOT 
2 3 1 -2 -1 2 2 -1 -2 1 1 ROOT 
2 4 1 -2 1 1 -3 -1 ROOT 
2 4 1 -2 1 1 -3 -1 2 -1 1 1 ROOT 
2 4 2 -1 -2 1 1 -3 -1 3 1 -2 1 1 ROOT 
2 3 1 -2 -1 2 2 -1 -2 1 1 ROOT 
2 2 -1 2 2 -1 -2 1 1 ROOT 
2 3 1 1 -3 -1 3 -1 1 1 ROOT 
2 3 1 -2 -1 2 -1 1 1 ROOT 
2 3 1 -2 -1 3 1 -2 1 1 ROOT 
2 4 -1 1 1 -3 -1 3 1 -2 1 1 ROOT 
2 4 2 -1 -2 1 1 -3 -1 1 1 ROOT 
2 4 1 -2 1 1 -3 -1 2 2 -1 -2 1 1 ROOT 
2 4 2 -1 -2 1 1 -3 -1 2 1 1 ROOT 
2 4 2 -1 -2 1 1 -3 -1 2 1 1 ROOT 
2 4 -1 1 1 -3 -1 3 -1 1 1 ROOT 
2 4 2 -1 -2 1 1 -3 -1 1 1 ROOT 
2 2 -1 2 2 -1 -2 1 1 ROOT 
2 2 -1 2 2 -1 -2 1 1 ROOT 
2 4 2 -1 -2 1 1 -3 -1 2 1 1 ROOT 
2 4 2 -1 -2 1 1 -3 -1 2 1 1 ROOT 
2 3 1 -2 -1 2 2 -1 -2 1 1 ROOT 
2 4 2 -1 -2 1 1 -3 -1 2 1 1 ROOT 
2 3 1 -2 -1 3 -1 1 1 ROOT 
2 3 1 1 -3 -1 3 -1 1 1 ROOT 
2 4 2 -1 -2 1 1 -3 -1 3 1 -2 1 1 ROOT 
2 3 1 1 -3 -1 3 1 -2 1 1 ROOT 
2 4 1 -2 1 1 -3 -1 3 1 -2 1 1 ROOT 
2 4 2 -1 -2 1 1 -3 -1 2 -1 1 1 ROOT 
2 4 -1 1 1 -3 -1 2 2 -1 -2 1 1 ROOT 
2 4 2 -1 -2 1 1 -3 -1 ROOT 
2 3 1 -2 -1 2 2 -1 -2 1 1 ROOT 
2 2 -1 2 2 -1 -2 1 1 ROOT 
2 4 2 -1 -2 1 1 -3 -1 3 1 -2 1 1 ROOT 
2 4 2 -1 -2 1 1 -3 -1 2 1 1 ROOT 
2 3 1 -2 -1 2 2 -1 -2 1 1 ROOT 
2 3 1 1 -3 -1 3 -1 1 1 ROOT 
2 4 2 -1 -2 1 1 -3 -1 2 2 -1 -2 1 1 ROOT 
2 4 2 -1 -2 1 1 -3 -1 2 1 1 ROOT 
2 4 2 -1 -2 1 1 -3 -1 1 1 ROOT 
2 4 -1 1 1 -3 -1 3 1 -2 1 1 ROOT 
2 4 2 -1 -2 1 1 -3 -1 3 -1 1 1 ROOT 
2 4 2 -1 -2 1 1 -3 -1 2 -1 1 1 ROOT 
2 4 1 -2 1 1 -3 -1 3 1 -2 1 1 ROOT 
2 4 -1 1 1 -3 -1 2 2 -1 -2 1 1 ROOT 
2 4 2 -1 -2 1 1 -3 -1 ROOT 
2 4 2 -1 -2 1 1 -3 -1 1 1 ROOT 
2 4 1 -2 1 1 -3 -1 2 -1 1 1 ROOT 
2 4 -1 1 1 -3 -1 3 -1 1 1 ROOT 
2 3 1 -2 -1 3 -1 1 1 ROOT 
2 3 1 -2 -1 2 1 -2 1 1 ROOT 
2 4 2 -1 -2 1 1 -3 -1 ROOT 
2 3 1 1 -3 -1 2 1 1 ROOT 
2 4 2 -1 -2 1 1 -3 -1 3 -1 1 1 ROOT 
2 3 1 1 -3 -1 3 1 -2 1 1 ROOT 
6 1 1 2 2 -1 1 -3 1 1 -6 -1 -1 -1 ROOT 
2 4 2 -1 -2 1 1 -3 -1 ROOT 
2 2 -1 2 2 -1 -2 1 1 ROOT 
2 4 -1 1 1 -3 -1 3 1 -2 1 1 ROOT 
2 4 2 -1 -2 1 1 -3 -1 2 1 1 ROOT 
2 3 1 -2 -1 2 1 1 ROOT 
2 4 2 -1 -2 1 1 -3 -1 2 2 -1 -2 1 1 ROOT 
2 4 2 -1 -2 1 1 -3 -1 ROOT 
2 4 1 -2 1 1 -3 -1 2 2 -1 -2 1 1 ROOT 
2 3 1 1 -3 -1 3 -1 1 1 ROOT 
2 4 1 -2 1 1 -3 -1 1 1 ROOT 
2 3 1 1 -3 -1 3 1 -2 1 1 ROOT 
2 3 1 -2 -1 2 2 -1 -2 1 1 ROOT 
2 4 1 -2 1 1 -3 -1 2 2 -1 -2 1 1 ROOT 
2 4 -1 1 1 -3 -1 3 -1 1 1 ROOT 
2 4 2 -1 -2 1 1 -3 -1 3 1 -2 1 1 ROOT 
2 4 2 -1 -2 1 1 -3 -1 3 1 -2 1 1 ROOT 
2 4 2 -1 -2 1 1 -3 -1 2 1 -2 1 1 ROOT 
2 4 2 -1 -2 1 1 -3 -1 3 1 -2 1 1 ROOT 
2 4 2 -1 -2 1 1 -3 -1 2 1 1 ROOT 
2 3 1 1 -3 -1 3 -1 1 1 ROOT 
2 4 1 -2 1 1 -3 -1 2 1 -2 1 1 ROOT 
2 4 -1 1 1 -3 -1 2 2 -1 -2 1 1 ROOT 
2 4 2 -1 -2 1 1 -3 -1 3 -1 1 1 ROOT 
2 4 2 -1 -2 1 1 -3 -1 3 1 -2 1 1 ROOT 
2 3 1 1 -3 -1 3 1 -2 1 1 ROOT 
2 4 2 -1 -2 1 1 -3 -1 3 -1 1 1 ROOT 
2 4 2 -1 -2 1 1 -3 -1 1 1 ROOT 
2 4 -1 1 1 -3 -1 2 1 -2 1 1 ROOT 
2 4 1 -2 1 1 -3 -1 2 1 -2 1 1 ROOT 
2 4 2 -1 -2 1 1 -3 -1 3 1 -2 1 1 ROOT 
2 3 1 -2 -1 2 1 -2 1 1 ROOT 
2 4 2 -1 -2 1 1 -3 -1 2 1 1 ROOT 
6 1 1 2 2 -1 1 1 -3 1 1 -6 -1 -1 -1 ROOT 
2 4 2 -1 -2 1 1 -3 -1 2 -1 1 1 ROOT 
2 4 2 -1 -2 1 1 -3 -1 3 -1 1 1 ROOT 
2 4 2 -1 -2 1 1 -3 -1 1 1 ROOT 
2 4 2 -1 -2 1 1 -3 -1 ROOT 
2 4 2 -1 -2 1 1 -3 -1 3 -1 1 1 ROOT 
2 3 1 1 -3 -1 3 1 -2 1 1 ROOT 
2 3 1 1 -3 -1 3 -1 1 1 ROOT 
2 4 -1 1 1 -3 -1 2 2 -1 -2 1 1 ROOT 
2 4 2 -1 -2 1 1 -3 -1 2 1 1 ROOT 
2 4 2 -1 -2 1 1 -3 -1 3 1 -2 1 1 ROOT 
2 4 1 -2 1 1 -3 -1 3 1 -2 1 1 ROOT 
2 4 1 -2 1 1 -3 -1 3 1 -2 1 1 ROOT 
2 4 1 -2 1 1 -3 -1 3 1 -2 1 1 ROOT 
2 4 2 -1 -2 1 1 -3 -1 2 1 -2 1 1 ROOT 
2 4 2 -1 -2 1 1 -3 -1 2 1 1 ROOT 
2 4 2 -1 -2 1 1 -3 -1 2 1 -2 1 1 ROOT 
2 4 1 -2 1 1 -3 -1 3 1 -2 1 1 ROOT 
2 4 2 -1 -2 1 1 -3 -1 3 -1 1 1 ROOT 
2 4 2 -1 -2 1 1 -3 -1 3 1 -2 1 1 ROOT 
2 4 1 -2 1 1 -3 -1 3 1 -2 1 1 ROOT 
2 3 1 1 -3 -1 3 1 -2 1 1 ROOT 
2 4 2 -1 -2 1 1 -3 -1 3 -1 1 1 ROOT 
2 4 1 -2 1 1 -3 -1 3 1 -2 1 1 ROOT 
2 3 1 -2 -1 2 2 -1 -2 1 1 ROOT 
2 4 2 -1 -2 1 1 -3 -1 3 1 -2 1 1 ROOT 
2 4 2 -1 -2 1 1 -3 -1 3 -1 1 1 ROOT 
2 4 -1 1 1 -3 -1 2 2 -1 -2 1 1 ROOT 
2 4 2 -1 -2 1 1 -3 -1 3 1 -2 1 1 ROOT 
2 4 2 -1 -2 1 1 -3 -1 1 1 ROOT 
2 4 2 -1 -2 1 1 -3 -1 1 1 ROOT 
2 4 1 -2 1 1 -3 -1 3 -1 1 1 ROOT 
2 4 2 -1 -2 1 1 -3 -1 3 1 -2 1 1 ROOT 
2 3 1 1 -3 -1 3 -1 1 1 ROOT 
2 3 1 -2 -1 3 1 -2 1 1 ROOT 
2 3 1 1 -3 -1 3 1 -2 1 1 ROOT 
2 4 1 -2 1 1 -3 -1 3 -1 1 1 ROOT 
2 2 -1 2 2 -1 -2 1 1 ROOT 
2 4 -1 1 1 -3 -1 2 2 -1 -2 1 1 ROOT 
2 3 1 1 -3 -1 2 1 1 ROOT 
2 4 -1 1 1 -3 -1 3 1 -2 1 1 ROOT 
2 4 1 -2 1 1 -3 -1 2 2 -1 -2 1 1 ROOT 
2 4 1 -2 1 1 -3 -1 3 1 -2 1 1 ROOT 
2 4 2 -1 -2 1 1 -3 -1 3 1 -2 1 1 ROOT 
2 4 2 -1 -2 1 1 -3 -1 3 -1 1 1 ROOT 
2 3 1 1 -3 -1 3 -1 1 1 ROOT 
2 3 1 -2 -1 3 -1 1 1 ROOT 
2 4 1 -2 1 1 -3 -1 3 1 -2 1 1 ROOT 
2 3 1 -2 -1 2 2 -1 -2 1 1 ROOT 
2 4 -1 1 1 -3 -1 3 -1 1 1 ROOT 
2 4 2 -1 -2 1 1 -3 -1 1 1 ROOT 
2 4 2 -1 -2 1 1 -3 -1 2 2 -1 -2 1 1 ROOT 
2 4 2 -1 -2 1 1 -3 -1 2 1 1 ROOT 
2 4 1 -2 1 1 -3 -1 3 1 -2 1 1 ROOT 
2 4 2 -1 -2 1 1 -3 -1 2 1 -2 1 1 ROOT 
2 2 -1 2 2 -1 -2 1 1 ROOT 
2 4 1 -2 1 1 -3 -1 3 -1 1 1 ROOT 
2 4 2 -1 -2 1 1 -3 -1 1 1 ROOT 
6 1 1 2 2 -1 1 -3 1 1 -6 -1 -1 -1 ROOT 
2 4 2 -1 -2 1 1 -3 -1 2 2 -1 -2 1 1 ROOT 
2 4 -1 1 1 -3 -1 3 1 -2 1 1 ROOT 
2 4 1 -2 1 1 -3 -1 2 -1 1 1 ROOT 
2 4 1 -2 1 1 -3 -1 2 1 -2 1 1 ROOT 
2 4 2 -1 -2 1 1 -3 -1 3 1 -2 1 1 ROOT 
2 4 1 -2 1 1 -3 -1 3 1 -2 1 1 ROOT 
2 3 1 1 -3 -1 3 1 -2 1 1 ROOT 
2 3 1 1 -3 -1 3 1 -2 1 1 ROOT 
2 3 1 -2 -1 2 1 -2 1 1 ROOT 
2 3 1 -2 -1 2 2 -1 -2 1 1 ROOT 
2 3 1 -2 -1 2 2 -1 -2 1 1 ROOT 
2 3 1 1 -3 -1 3 -1 1 1 ROOT 
2 3 1 1 -3 -1 3 1 -2 1 1 ROOT 
2 4 2 -1 -2 1 1 -3 -1 ROOT 
2 4 2 -1 -2 1 1 -3 -1 2 2 -1 -2 1 1 ROOT 
2 3 1 1 -3 -1 3 1 -2 1 1 ROOT 
2 3 1 1 -3 -1 3 -1 1 1 ROOT 
2 3 1 1 -3 -1 3 1 -2 1 1 ROOT 
2 4 2 -1 -2 1 1 -3 -1 3 1 -2 1 1 ROOT 
2 3 1 1 -3 -1 3 1 -2 1 1 ROOT 
2 4 2 -1 -2 1 1 -3 -1 1 1 ROOT 
2 4 2 -1 -2 1 1 -3 -1 2 1 -2 1 1 ROOT 
2 4 2 -1 -2 1 1 -3 -1 1 1 ROOT 
2 4 -1 1 1 -3 -1 3 -1 1 1 ROOT 
2 3 1 1 -3 -1 3 -1 1 1 ROOT 
2 4 2 -1 -2 1 1 -3 -1 3 1 -2 1 1 ROOT 
2 4 2 -1 -2 1 1 -3 -1 3 1 -2 1 1 ROOT 
2 4 2 -1 -2 1 1 -3 -1 2 -1 1 1 ROOT 
2 4 -1 1 1 -3 -1 2 2 -1 -2 1 1 ROOT 
2 4 2 -1 -2 1 1 -3 -1 3 1 -2 1 1 ROOT 
2 4 2 -1 -2 1 1 -3 -1 2 1 1 ROOT 
2 4 1 -2 1 1 -3 -1 1 1 ROOT 
2 4 2 -1 -2 1 1 -3 -1 ROOT 
2 4 -1 1 1 -3 -1 2 1 1 ROOT 
2 4 2 -1 -2 1 1 -3 -1 ROOT 
2 4 -1 1 1 -3 -1 1 1 ROOT 
2 4 2 -1 -2 1 1 -3 -1 2 2 -1 -2 1 1 ROOT 
2 4 2 -1 -2 1 1 -3 -1 2 1 -2 1 1 ROOT 
2 4 1 -2 1 1 -3 -1 3 -1 1 1 ROOT 
2 4 2 -1 -2 1 1 -3 -1 1 1 ROOT 
2 3 1 -2 -1 2 2 -1 -2 1 1 ROOT 
2 3 1 1 -3 -1 2 1 1 ROOT 
2 4 -1 1 1 -3 -1 2 2 -1 -2 1 1 ROOT 
2 4 1 -2 1 1 -3 -1 3 1 -2 1 1 ROOT 
2 4 -1 1 1 -3 -1 3 1 -2 1 1 ROOT 
2 3 1 -2 -1 2 2 -1 -2 1 1 ROOT 
2 3 1 1 -3 -1 3 -1 1 1 ROOT 
2 4 1 -2 1 1 -3 -1 3 1 -2 1 1 ROOT 
2 4 1 -2 1 1 -3 -1 3 -1 1 1 ROOT 
2 4 1 -2 1 1 -3 -1 2 2 -1 -2 1 1 ROOT 
2 4 2 -1 -2 1 1 -3 -1 2 -1 1 1 ROOT 
2 4 2 -1 -2 1 1 -3 -1 2 2 -1 -2 1 1 ROOT 
2 4 1 -2 1 1 -3 -1 3 1 -2 1 1 ROOT 
2 4 2 -1 -2 1 1 -3 -1 1 1 ROOT 
2 4 2 -1 -2 1 1 -3 -1 ROOT 
2 4 1 -2 1 1 -3 -1 2 1 -2 1 1 ROOT 
2 4 2 -1 -2 1 1 -3 -1 2 1 1 ROOT 
2 4 2 -1 -2 1 1 -3 -1 2 2 -1 -2 1 1 ROOT 
2 4 2 -1 -2 1 1 -3 -1 2 1 -2 1 1 ROOT 
2 4 1 -2 1 1 -3 -1 2 1 1 ROOT 
2 3 1 -2 -1 2 2 -1 -2 1 1 ROOT 
2 4 2 -1 -2 1 1 -3 -1 ROOT 
2 4 2 -1 -2 1 1 -3 -1 3 -1 1 1 ROOT 
2 3 1 -2 -1 2 2 -1 -2 1 1 ROOT 
2 4 2 -1 -2 1 1 -3 -1 2 2 -1 -2 1 1 ROOT 
2 4 1 -2 1 1 -3 -1 3 1 -2 1 1 ROOT 
2 3 1 1 -3 -1 3 1 -2 1 1 ROOT 
2 4 2 -1 -2 1 1 -3 -1 2 2 -1 -2 1 1 ROOT 
2 4 2 -1 -2 1 1 -3 -1 2 1 -2 1 1 ROOT 
2 4 -1 1 1 -3 -1 3 1 -2 1 1 ROOT 
2 3 1 1 -3 -1 3 -1 1 1 ROOT 
2 4 1 -2 1 1 -3 -1 3 -1 1 1 ROOT 
2 4 1 -2 1 1 -3 -1 3 -1 1 1 ROOT 
2 4 1 -2 1 1 -3 -1 2 1 -2 1 1 ROOT 
2 3 1 -2 -1 2 2 -1 -2 1 1 ROOT 
2 4 2 -1 -2 1 1 -3 -1 3 1 -2 1 1 ROOT 
2 3 1 -2 -1 2 2 -1 -2 1 1 ROOT 
2 2 -1 2 2 -1 -2 1 1 ROOT 
2 4 -1 1 1 -3 -1 2 1 -2 1 1 ROOT 
2 4 1 -2 1 1 -3 -1 2 1 1 ROOT 
2 3 1 1 -3 -1 3 1 -2 1 1 ROOT 
2 4 2 -1 -2 1 1 -3 -1 3 1 -2 1 1 ROOT 
2 3 1 -2 -1 2 2 -1 -2 1 1 ROOT 
2 3 1 -2 -1 2 2 -1 -2 1 1 ROOT 
2 4 2 -1 -2 1 1 -3 -1 3 -1 1 1 ROOT 
2 4 -1 1 1 -3 -1 3 -1 1 1 ROOT 
2 4 1 -2 1 1 -3 -1 2 1 -2 1 1 ROOT 
2 4 1 -2 1 1 -3 -1 2 1 1 ROOT 
2 4 2 -1 -2 1 1 -3 -1 3 1 -2 1 1 ROOT 
2 4 -1 1 1 -3 -1 2 1 1 ROOT 
2 4 2 -1 -2 1 1 -3 -1 2 2 -1 -2 1 1 ROOT 
2 4 -1 1 1 -3 -1 3 -1 1 1 ROOT 
2 4 1 -2 1 1 -3 -1 3 1 -2 1 1 ROOT 
2 4 2 -1 -2 1 1 -3 -1 1 1 ROOT 
2 4 1 -2 1 1 -3 -1 2 1 1 ROOT 
2 4 2 -1 -2 1 1 -3 -1 3 1 -2 1 1 ROOT 
2 4 1 -2 1 1 -3 -1 2 -1 1 1 ROOT 
2 2 -1 2 2 -1 -2 1 1 ROOT 
2 3 1 1 -3 -1 2 1 1 ROOT 
2 4 -1 1 1 -3 -1 2 1 -2 1 1 ROOT 
2 4 -1 1 1 -3 -1 3 1 -2 1 1 ROOT 
6 1 1 1 2 1 -1 1 1 -4 1 -6 -1 -1 -1 ROOT 
2 4 -1 1 1 -3 -1 2 1 -2 1 1 ROOT 
2 3 1 1 -3 -1 3 1 -2 1 1 ROOT 
2 4 2 -1 -2 1 1 -3 -1 3 1 -2 1 1 ROOT 
2 4 2 -1 -2 1 1 -3 -1 2 -1 1 1 ROOT 
2 4 -1 1 1 -3 -1 2 2 -1 -2 1 1 ROOT 
2 3 1 -2 -1 3 -1 1 1 ROOT 
2 4 2 -1 -2 1 1 -3 -1 ROOT 
2 4 -1 1 1 -3 -1 2 2 -1 -2 1 1 ROOT 
2 4 2 -1 -2 1 1 -3 -1 2 1 1 ROOT 
2 4 2 -1 -2 1 1 -3 -1 2 1 1 ROOT 
2 4 -1 1 1 -3 -1 3 1 -2 1 1 ROOT 
2 3 1 1 -3 -1 3 1 -2 1 1 ROOT 
2 3 1 1 -3 -1 3 -1 1 1 ROOT 
2 4 2 -1 -2 1 1 -3 -1 2 1 -2 1 1 ROOT 
2 4 2 -1 -2 1 1 -3 -1 1 1 ROOT 
6 1 1 1 2 1 -1 1 1 -3 1 1 -7 -1 -1 -1 ROOT 
2 4 2 -1 -2 1 1 -3 -1 3 1 -2 1 1 ROOT 
2 4 2 -1 -2 1 1 -3 -1 1 1 ROOT 
2 4 1 -2 1 1 -3 -1 3 1 -2 1 1 ROOT 
2 2 -1 2 2 -1 -2 1 1 ROOT 
2 4 2 -1 -2 1 1 -3 -1 2 2 -1 -2 1 1 ROOT 
2 4 2 -1 -2 1 1 -3 -1 ROOT 
2 3 1 -2 -1 2 2 -1 -2 1 1 ROOT 
2 4 2 -1 -2 1 1 -3 -1 2 1 -2 1 1 ROOT 
2 4 2 -1 -2 1 1 -3 -1 2 1 1 ROOT 
2 4 2 -1 -2 1 1 -3 -1 2 2 -1 -2 1 1 ROOT 
6 1 1 2 2 -1 -3 -1 -1 -1 ROOT 
2 4 2 -1 -2 1 1 -3 -1 2 1 1 ROOT 
2 3 1 1 -3 -1 3 1 -2 1 1 ROOT 
2 4 2 -1 -2 1 1 -3 -1 3 -1 1 1 ROOT 
2 4 2 -1 -2 1 1 -3 -1 3 1 -2 1 1 ROOT 
2 3 1 1 -3 -1 3 1 -2 1 1 ROOT 
2 4 1 -2 1 1 -3 -1 3 -1 1 1 ROOT 
2 4 2 -1 -2 1 1 -3 -1 2 2 -1 -2 1 1 ROOT 
2 4 2 -1 -2 1 1 -3 -1 2 1 1 ROOT 
2 4 -1 1 1 -3 -1 3 1 -2 1 1 ROOT 
2 4 2 -1 -2 1 1 -3 -1 1 1 ROOT 
2 4 2 -1 -2 1 1 -3 -1 2 -1 1 1 ROOT 
2 4 2 -1 -2 1 1 -3 -1 2 1 -2 1 1 ROOT 
2 4 2 -1 -2 1 1 -3 -1 1 1 ROOT 
2 3 1 1 -3 -1 3 1 -2 1 1 ROOT 
2 4 1 -2 1 1 -3 -1 3 1 -2 1 1 ROOT 
2 4 2 -1 -2 1 1 -3 -1 2 1 1 ROOT 
2 4 2 -1 -2 1 1 -3 -1 ROOT 
2 4 -1 1 1 -3 -1 2 2 -1 -2 1 1 ROOT 
2 4 2 -1 -2 1 1 -3 -1 3 1 -2 1 1 ROOT 
2 4 -1 1 1 -3 -1 3 1 -2 1 1 ROOT 
2 4 1 -2 1 1 -3 -1 3 1 -2 1 1 ROOT 
2 4 2 -1 -2 1 1 -3 -1 3 1 -2 1 1 ROOT 
2 4 2 -1 -2 1 1 -3 -1 2 2 -1 -2 1 1 ROOT 
2 4 1 -2 1 1 -3 -1 2 -1 1 1 ROOT 
2 4 2 -1 -2 1 1 -3 -1 2 -1 1 1 ROOT 
2 4 -1 1 1 -3 -1 2 1 1 ROOT 
2 4 1 -2 1 1 -3 -1 3 -1 1 1 ROOT 
2 3 1 -2 -1 2 2 -1 -2 1 1 ROOT 
2 4 -1 1 1 -3 -1 3 -1 1 1 ROOT 
2 4 2 -1 -2 1 1 -3 -1 1 1 ROOT 
2 3 1 -2 -1 3 1 -2 1 1 ROOT 
2 4 2 -1 -2 1 1 -3 -1 3 -1 1 1 ROOT 
2 4 2 -1 -2 1 1 -3 -1 2 1 1 ROOT 
2 4 1 -2 1 1 -3 -1 2 1 1 ROOT 
2 4 2 -1 -2 1 1 -3 -1 3 -1 1 1 ROOT 
2 3 1 1 -3 -1 3 -1 1 1 ROOT 
2 3 1 1 -3 -1 3 1 -2 1 1 ROOT 
2 4 1 -2 1 1 -3 -1 2 2 -1 -2 1 1 ROOT 
2 4 2 -1 -2 1 1 -3 -1 2 1 1 ROOT 
2 4 2 -1 -2 1 1 -3 -1 2 2 -1 -2 1 1 ROOT 
2 4 2 -1 -2 1 1 -3 -1 2 1 -2 1 1 ROOT 
2 4 2 -1 -2 1 1 -3 -1 2 1 1 ROOT 
2 4 2 -1 -2 1 1 -3 -1 3 1 -2 1 1 ROOT 
2 4 2 -1 -2 1 1 -3 -1 ROOT 
2 3 1 -2 -1 2 2 -1 -2 1 1 ROOT 
2 4 -1 1 1 -3 -1 2 -1 1 1 ROOT 
2 2 -1 2 2 -1 -2 1 1 ROOT 
2 4 2 -1 -2 1 1 -3 -1 3 1 -2 1 1 ROOT 
2 4 2 -1 -2 1 1 -3 -1 3 1 -2 1 1 ROOT 
2 4 2 -1 -2 1 1 -3 -1 2 1 -2 1 1 ROOT 
2 4 2 -1 -2 1 1 -3 -1 3 -1 1 1 ROOT 
2 4 1 -2 1 1 -3 -1 2 2 -1 -2 1 1 ROOT 
2 4 -1 1 1 -3 -1 3 1 -2 1 1 ROOT 
2 4 2 -1 -2 1 1 -3 -1 2 2 -1 -2 1 1 ROOT 
2 3 1 -2 -1 3 -1 1 1 ROOT 
2 4 2 -1 -2 1 1 -3 -1 3 1 -2 1 1 ROOT 
2 4 2 -1 -2 1 1 -3 -1 3 1 -2 1 1 ROOT 
2 4 1 -2 1 1 -3 -1 2 1 1 ROOT 
2 3 1 -2 -1 2 2 -1 -2 1 1 ROOT 
2 4 1 -2 1 1 -3 -1 2 2 -1 -2 1 1 ROOT 
2 4 2 -1 -2 1 1 -3 -1 1 1 ROOT 
2 4 -1 1 1 -3 -1 2 1 -2 1 1 ROOT 
6 1 1 1 2 -1 1 1 -4 1 1 -6 -1 -1 -1 ROOT 
2 3 1 1 -3 -1 3 1 -2 1 1 ROOT 
2 3 1 1 -3 -1 3 1 -2 1 1 ROOT 
2 4 1 -2 1 1 -3 -1 2 -1 1 1 ROOT 
2 4 2 -1 -2 1 1 -3 -1 3 1 -2 1 1 ROOT 
2 4 -1 1 1 -3 -1 2 2 -1 -2 1 1 ROOT 
2 4 2 -1 -2 1 1 -3 -1 2 1 1 ROOT 
2 4 1 -2 1 1 -3 -1 3 1 -2 1 1 ROOT 
2 3 1 -2 -1 2 2 -1 -2 1 1 ROOT 
2 4 2 -1 -2 1 1 -3 -1 2 1 1 ROOT 
2 4 2 -1 -2 1 1 -3 -1 3 1 -2 1 1 ROOT 
2 4 2 -1 -2 1 1 -3 -1 3 -1 1 1 ROOT 
2 4 2 -1 -2 1 1 -3 -1 1 1 ROOT 
2 4 2 -1 -2 1 1 -3 -1 3 -1 1 1 ROOT 
2 4 1 -2 1 1 -3 -1 3 1 -2 1 1 ROOT 
2 4 2 -1 -2 1 1 -3 -1 2 1 1 ROOT 
2 4 1 -2 1 1 -3 -1 3 1 -2 1 1 ROOT 
2 4 1 -2 1 1 -3 -1 3 -1 1 1 ROOT 
2 4 2 -1 -2 1 1 -3 -1 2 1 1 ROOT 
2 4 2 -1 -2 1 1 -3 -1 2 -1 1 1 ROOT 
2 4 1 -2 1 1 -3 -1 2 2 -1 -2 1 1 ROOT 
2 4 2 -1 -2 1 1 -3 -1 2 1 1 ROOT 
2 4 1 -2 1 1 -3 -1 2 2 -1 -2 1 1 ROOT 
2 4 -1 1 1 -3 -1 3 1 -2 1 1 ROOT 
2 4 1 -2 1 1 -3 -1 2 2 -1 -2 1 1 ROOT 
2 4 2 -1 -2 1 1 -3 -1 3 1 -2 1 1 ROOT 
2 3 1 1 -3 -1 3 1 -2 1 1 ROOT 
2 4 2 -1 -2 1 1 -3 -1 2 1 -2 1 1 ROOT 
2 4 2 -1 -2 1 1 -3 -1 2 1 -2 1 1 ROOT 
2 4 2 -1 -2 1 1 -3 -1 ROOT 
2 4 2 -1 -2 1 1 -3 -1 3 1 -2 1 1 ROOT 
2 3 1 1 -3 -1 3 1 -2 1 1 ROOT 
2 2 -1 2 1 -2 1 1 ROOT 
2 4 2 -1 -2 1 1 -3 -1 2 1 1 ROOT 
2 3 1 1 -3 -1 3 1 -2 1 1 ROOT 
2 4 2 -1 -2 1 1 -3 -1 2 1 1 ROOT 
2 4 1 -2 1 1 -3 -1 3 -1 1 1 ROOT 
2 4 2 -1 -2 1 1 -3 -1 ROOT 
2 4 1 -2 1 1 -3 -1 2 1 1 ROOT 
2 4 2 -1 -2 1 1 -3 -1 3 1 -2 1 1 ROOT 
2 4 2 -1 -2 1 1 -3 -1 2 2 -1 -2 1 1 ROOT 
6 1 1 2 2 -2 1 1 -6 -1 -1 -1 ROOT 
2 4 2 -1 -2 1 1 -3 -1 2 1 1 ROOT 
2 4 2 -1 -2 1 1 -3 -1 ROOT 
2 3 1 1 -3 -1 3 1 -2 1 1 ROOT 
2 4 2 -1 -2 1 1 -3 -1 2 1 1 ROOT 
2 4 2 -1 -2 1 1 -3 -1 3 -1 1 1 ROOT 
2 4 -1 1 1 -3 -1 1 1 ROOT 
2 3 1 1 -3 -1 2 1 1 ROOT 
2 4 -1 1 1 -3 -1 3 -1 1 1 ROOT 
2 3 1 -2 -1 2 2 -1 -2 1 1 ROOT 
2 4 1 -2 1 1 -3 -1 2 1 -2 1 1 ROOT 
2 4 2 -1 -2 1 1 -3 -1 1 1 ROOT 
2 4 1 -2 1 1 -3 -1 3 1 -2 1 1 ROOT 
2 4 1 -2 1 1 -3 -1 2 2 -1 -2 1 1 ROOT 
2 4 2 -1 -2 1 1 -3 -1 2 1 1 ROOT 
2 4 2 -1 -2 1 1 -3 -1 2 2 -1 -2 1 1 ROOT 
2 4 1 -2 1 1 -3 -1 3 1 -2 1 1 ROOT 
2 4 1 -2 1 1 -3 -1 3 1 -2 1 1 ROOT 
2 4 -1 1 1 -3 -1 2 1 1 ROOT 
2 4 2 -1 -2 1 1 -3 -1 2 1 1 ROOT 
2 4 -1 1 1 -3 -1 3 1 -2 1 1 ROOT 
2 4 2 -1 -2 1 1 -3 -1 ROOT 
2 4 -1 1 1 -3 -1 3 -1 1 1 ROOT 
2 4 1 -2 1 1 -3 -1 3 1 -2 1 1 ROOT 
2 4 1 -2 1 1 -3 -1 2 -1 1 1 ROOT 
2 4 2 -1 -2 1 1 -3 -1 1 1 ROOT 
2 4 1 -2 1 1 -3 -1 3 1 -2 1 1 ROOT 
2 4 2 -1 -2 1 1 -3 -1 2 1 1 ROOT 
2 4 1 -2 1 1 -3 -1 2 1 1 ROOT 
2 4 2 -1 -2 1 1 -3 -1 1 1 ROOT 
2 4 2 -1 -2 1 1 -3 -1 2 -1 1 1 ROOT 
2 4 -1 1 1 -3 -1 2 1 1 ROOT 
2 4 1 -2 1 1 -3 -1 2 -1 1 1 ROOT 
2 3 1 1 -3 -1 2 1 1 ROOT 
2 4 -1 1 1 -3 -1 2 2 -1 -2 1 1 ROOT 
2 4 2 -1 -2 1 1 -3 -1 3 -1 1 1 ROOT 
2 4 -1 1 1 -3 -1 3 1 -2 1 1 ROOT 
2 2 -1 2 2 -1 -2 1 1 ROOT 
2 4 2 -1 -2 1 1 -3 -1 ROOT 
2 4 -1 1 1 -3 -1 2 2 -1 -2 1 1 ROOT 
2 4 1 -2 1 1 -3 -1 2 1 1 ROOT 
2 3 1 1 -3 -1 2 1 1 ROOT 
2 4 2 -1 -2 1 1 -3 -1 2 2 -1 -2 1 1 ROOT 
2 4 1 -2 1 1 -3 -1 1 1 ROOT 
2 4 -1 1 1 -3 -1 3 -1 1 1 ROOT 
2 4 2 -1 -2 1 1 -3 -1 2 1 1 ROOT 
2 3 1 1 -3 -1 3 1 -2 1 1 ROOT 
2 4 2 -1 -2 1 1 -3 -1 ROOT 
2 4 2 -1 -2 1 1 -3 -1 1 1 ROOT 
2 3 1 -2 -1 3 1 -2 1 1 ROOT 
2 3 1 1 -3 -1 3 -1 1 1 ROOT 
2 4 2 -1 -2 1 1 -3 -1 2 1 1 ROOT 
2 4 -1 1 1 -3 -1 2 1 -2 1 1 ROOT 
2 2 -1 2 2 -1 -2 1 1 ROOT 
2 4 2 -1 -2 1 1 -3 -1 ROOT 
2 4 2 -1 -2 1 1 -3 -1 3 -1 1 1 ROOT 
2 4 2 -1 -2 1 1 -3 -1 1 1 ROOT 
2 4 -1 1 1 -3 -1 2 1 1 ROOT 
2 4 1 -2 1 1 -3 -1 3 1 -2 1 1 ROOT 
2 4 2 -1 -2 1 1 -3 -1 3 1 -2 1 1 ROOT 
2 3 1 1 -3 -1 2 1 1 ROOT 
2 4 1 -2 1 1 -3 -1 3 -1 1 1 ROOT 
6 1 1 1 2 2 -1 1 -3 1 -6 -1 -1 -1 ROOT 
2 4 2 -1 -2 1 1 -3 -1 1 1 ROOT 
2 4 1 -2 1 1 -3 -1 2 -1 1 1 ROOT 
2 4 1 -2 1 1 -3 -1 3 1 -2 1 1 ROOT 
2 4 2 -1 -2 1 1 -3 -1 ROOT 
2 4 -1 1 1 -3 -1 3 1 -2 1 1 ROOT 
2 4 2 -1 -2 1 1 -3 -1 3 -1 1 1 ROOT 
2 4 2 -1 -2 1 1 -3 -1 3 1 -2 1 1 ROOT 
2 4 1 -2 1 1 -3 -1 2 -1 1 1 ROOT 
2 3 1 -2 -1 2 2 -1 -2 1 1 ROOT 
2 2 -1 2 2 -1 -2 1 1 ROOT 
2 4 2 -1 -2 1 1 -3 -1 2 1 1 ROOT 
2 4 2 -1 -2 1 1 -3 -1 2 1 1 ROOT 
2 4 1 -2 1 1 -3 -1 3 -1 1 1 ROOT 
6 1 1 2 2 -1 1 -3 1 1 1 -7 -1 -1 -1 ROOT 
2 3 1 -2 -1 2 2 -1 -2 1 1 ROOT 
2 4 2 -1 -2 1 1 -3 -1 3 -1 1 1 ROOT 
2 4 2 -1 -2 1 1 -3 -1 1 1 ROOT 
2 4 1 -2 1 1 -3 -1 3 1 -2 1 1 ROOT 
2 4 1 -2 1 1 -3 -1 3 1 -2 1 1 ROOT 
2 4 2 -1 -2 1 1 -3 -1 2 2 -1 -2 1 1 ROOT 
2 4 1 -2 1 1 -3 -1 3 1 -2 1 1 ROOT 
2 3 1 -2 -1 2 2 -1 -2 1 1 ROOT 
2 4 2 -1 -2 1 1 -3 -1 ROOT 
2 4 2 -1 -2 1 1 -3 -1 2 -1 1 1 ROOT 
2 4 1 -2 1 1 -3 -1 2 2 -1 -2 1 1 ROOT 
2 4 2 -1 -2 1 1 -3 -1 2 -1 1 1 ROOT 
2 4 2 -1 -2 1 1 -3 -1 3 -1 1 1 ROOT 
2 4 2 -1 -2 1 1 -3 -1 3 1 -2 1 1 ROOT 
2 4 2 -1 -2 1 1 -3 -1 2 -1 1 1 ROOT 
2 4 2 -1 -2 1 1 -3 -1 2 2 -1 -2 1 1 ROOT 
2 3 1 1 -3 -1 3 1 -2 1 1 ROOT 
2 4 2 -1 -2 1 1 -3 -1 2 1 1 ROOT 
2 4 1 -2 1 1 -3 -1 2 -1 1 1 ROOT 
2 2 -1 2 2 -1 -2 1 1 ROOT 
2 2 -1 2 2 -1 -2 1 1 ROOT 
2 4 1 -2 1 1 -3 -1 2 2 -1 -2 1 1 ROOT 
2 2 -1 2 2 -1 -2 1 1 ROOT 
2 4 2 -1 -2 1 1 -3 -1 2 1 1 ROOT 
2 4 1 -2 1 1 -3 -1 3 1 -2 1 1 ROOT 
2 4 2 -1 -2 1 1 -3 -1 1 1 ROOT 
2 4 -1 1 1 -3 -1 2 2 -1 -2 1 1 ROOT 
2 4 -1 1 1 -3 -1 2 2 -1 -2 1 1 ROOT 
2 4 -1 1 1 -3 -1 2 1 1 ROOT 
2 2 -1 2 2 -1 -2 1 1 ROOT 
2 4 2 -1 -2 1 1 -3 -1 3 1 -2 1 1 ROOT 
2 4 2 -1 -2 1 1 -3 -1 ROOT 
2 4 2 -1 -2 1 1 -3 -1 2 2 -1 -2 1 1 ROOT 
2 4 1 -2 1 1 -3 -1 2 1 -2 1 1 ROOT 
2 4 1 -2 1 1 -3 -1 3 1 -2 1 1 ROOT 
2 3 1 -2 -1 2 2 -1 -2 1 1 ROOT 
2 4 1 -2 1 1 -3 -1 3 1 -2 1 1 ROOT 
2 4 2 -1 -2 1 1 -3 -1 ROOT 
2 4 1 -2 1 1 -3 -1 2 1 -2 1 1 ROOT 
2 4 2 -1 -2 1 1 -3 -1 1 1 ROOT 
2 3 1 1 -3 -1 3 1 -2 1 1 ROOT 
2 2 -1 2 2 -1 -2 1 1 ROOT 
6 1 1 1 2 2 -1 1 -3 1 1 -7 -1 -1 -1 ROOT 
2 4 2 -1 -2 1 1 -3 -1 2 1 1 ROOT 
2 3 1 1 -3 -1 3 -1 1 1 ROOT 
2 4 2 -1 -2 1 1 -3 -1 1 1 ROOT 
2 4 2 -1 -2 1 1 -3 -1 ROOT 
2 4 2 -1 -2 1 1 -3 -1 2 1 -2 1 1 ROOT 
2 4 -1 1 1 -3 -1 2 1 1 ROOT 
2 4 2 -1 -2 1 1 -3 -1 2 2 -1 -2 1 1 ROOT 
2 2 -1 2 2 -1 -2 1 1 ROOT 
2 4 1 -2 1 1 -3 -1 2 -1 1 1 ROOT 
2 4 2 -1 -2 1 1 -3 -1 3 1 -2 1 1 ROOT 
2 3 1 -2 -1 2 2 -1 -2 1 1 ROOT 
2 4 2 -1 -2 1 1 -3 -1 3 1 -2 1 1 ROOT 
2 3 1 -2 -1 2 2 -1 -2 1 1 ROOT 
2 4 2 -1 -2 1 1 -3 -1 3 -1 1 1 ROOT 
2 4 2 -1 -2 1 1 -3 -1 2 -1 1 1 ROOT 
2 4 2 -1 -2 1 1 -3 -1 2 1 1 ROOT 
2 3 1 1 -3 -1 2 1 1 ROOT 
2 4 2 -1 -2 1 1 -3 -1 3 1 -2 1 1 ROOT 
2 4 -1 1 1 -3 -1 2 1 -2 1 1 ROOT 
2 4 -1 1 1 -3 -1 2 2 -1 -2 1 1 ROOT 
2 4 2 -1 -2 1 1 -3 -1 1 1 ROOT 
2 4 2 -1 -2 1 1 -3 -1 1 1 ROOT 
2 4 2 -1 -2 1 1 -3 -1 ROOT 
2 4 2 -1 -2 1 1 -3 -1 2 -1 1 1 ROOT 
2 4 -1 1 1 -3 -1 2 1 1 ROOT 
2 3 1 -2 -1 2 2 -1 -2 1 1 ROOT 
2 3 1 -2 -1 2 2 -1 -2 1 1 ROOT 
2 4 1 -2 1 1 -3 -1 2 1 1 ROOT 
2 4 -1 1 1 -3 -1 3 1 -2 1 1 ROOT 
2 4 -1 1 1 -3 -1 3 -1 1 1 ROOT 
2 4 1 -2 1 1 -3 -1 2 2 -1 -2 1 1 ROOT 
2 4 1 -2 1 1 -3 -1 2 1 -2 1 1 ROOT 
2 4 2 -1 -2 1 1 -3 -1 3 1 -2 1 1 ROOT 
2 4 2 -1 -2 1 1 -3 -1 1 1 ROOT 
2 4 -1 1 1 -3 -1 2 1 1 ROOT 
2 4 1 -2 1 1 -3 -1 3 -1 1 1 ROOT 
6 1 1 2 2 -1 1 -3 1 1 -6 -1 -1 -1 ROOT 
2 2 -1 2 2 -1 -2 1 1 ROOT 
2 3 1 1 -3 -1 3 1 -2 1 1 ROOT 
2 4 -1 1 1 -3 -1 3 -1 1 1 ROOT 
2 4 1 -2 1 1 -3 -1 3 1 -2 1 1 ROOT 
2 4 1 -2 1 1 -3 -1 3 -1 1 1 ROOT 
6 1 1 2 2 -1 1 1 -4 1 1 -6 -1 -1 -1 ROOT 
2 4 2 -1 -2 1 1 -3 -1 3 1 -2 1 1 ROOT 
2 4 2 -1 -2 1 1 -3 -1 2 1 1 ROOT 
2 4 2 -1 -2 1 1 -3 -1 ROOT 
2 4 2 -1 -2 1 1 -3 -1 2 1 -2 1 1 ROOT 
2 4 2 -1 -2 1 1 -3 -1 3 -1 1 1 ROOT 
2 4 1 -2 1 1 -3 -1 3 1 -2 1 1 ROOT 
2 3 1 -2 -1 3 1 -2 1 1 ROOT 
2 4 -1 1 1 -3 -1 2 1 -2 1 1 ROOT 
2 4 1 -2 1 1 -3 -1 3 1 -2 1 1 ROOT 
2 3 1 -2 -1 2 1 -2 1 1 ROOT 
2 3 1 -2 -1 2 2 -1 -2 1 1 ROOT 
2 4 2 -1 -2 1 1 -3 -1 3 -1 1 1 ROOT 
2 4 2 -1 -2 1 1 -3 -1 2 2 -1 -2 1 1 ROOT 
2 4 1 -2 1 1 -3 -1 3 1 -2 1 1 ROOT 
2 3 1 1 -3 -1 3 1 -2 1 1 ROOT 
6 1 1 2 2 -1 1 -3 1 1 -6 -1 -1 -1 ROOT 
2 4 2 -1 -2 1 1 -3 -1 1 1 ROOT 
2 4 -1 1 1 -3 -1 2 1 1 ROOT 
2 3 1 1 -3 -1 3 1 -2 1 1 ROOT 
6 1 1 1 2 2 -1 1 1 -3 -1 -1 -1 ROOT 
2 4 -1 1 1 -3 -1 2 2 -1 -2 1 1 ROOT 
2 4 1 -2 1 1 -3 -1 3 1 -2 1 1 ROOT 